1234214334124321

1234214334214312

1234214343123421

1234214343213412

1234234134124123

1234234141233412

1234241331424321

1234241343213142

1234314224134321

1234314243212413

1234341221434321

1234341223414123

1234341241232341

1234341243212143

1234342121434312

1234342143122143

1234412323413412

1234412334122341

1234431221433421

1234431234212143

1234432121433412

1234432124133142

1234432131422413

1234432134122143

1243213434124321

1243213434214312

1243213443123421

1243213443213412

1243231434214132

1243231441323421

1243243131244312

1243243143123124

1243312424314312

1243312443122431

1243341221344321

1243341243212134

1243342121344312

1243342123144132

1243342141322314

1243342143122134

1243413223143421

1243413234212314

1243431221343421

1243431224313124

1243431231242431

1243431234212134

1243432121343412

1243432134122134

1324214334124231

1324214342313412

1324241331424231

1324241332414132

1324241341323241

1324241342313142

1324243131424213

1324243142133142

1324314224134231

1324314224314213

1324314242132431

1324314242312413

1324324124134132

1324324141322413

1324341221434231

1324341242312143

1324413224133241

1324413232412413

1324421324313142

1324421331422431

1324423121433412

1324423124133142

1324423131422413

1324423134122143

1342213434214213

1342213442133421

1342241331244231

1342241342313124

1342243131244213

1342243132144123

1342243141233214

1342243142133124

1342312424134231

1342312424314213

1342312442132431

1342312442312413

1342321424314123

1342321441232431

1342342121344213

1342342142132134

1342412324313214

1342412332142431

1342421321343421

1342421324313124

1342421331242431

1342421334212134

1342423124133124

1342423131242413

1423213432414312

1423213443123241

1423231431424231

1423231432414132

1423231441323241

1423231442313142

1423234132144132

1423234141323214

1423314223144231

1423314242312314

1423321423414132

1423321441322341

1423324121344312

1423324123144132

1423324141322314

1423324143122134

1423413223143241

1423413223413214

1423413232142341

1423413232412314

1423423123143142

1423423131422314

1423431221343241

1423431232412134

1432214332144321

1432214343213214

1432231432414123

1432231441233241

1432234131244213

1432234132144123

1432234141233214

1432234142133124

1432312423414213

1432312442132341

1432321421434321

1432321423414123

1432321441232341

1432321443212143

1432324123144123

1432324141232314

1432412323143241

1432412323413214

1432412332142341

1432412332412314

1432421323413124

1432421331242341

1432432121433214

1432432132142143

2134124334124321

2134124334214312

2134124343123421

2134124343213412

2134134234214213

2134134242133421

2134142332414312

2134142343123241

2134324114234312

2134324143121423

2134341212434321

2134341243211243

2134342112434312

2134342113424213

2134342142131342

2134342143121243

2134421313423421

2134421334211342

2134431212433421

2134431214233241

2134431232411423

2134431234211243

2134432112433412

2134432134121243

2143123434124321

2143123434214312

2143123443123421

2143123443213412

2143132434124231

2143132442313412

2143143232144321

2143143243213214

2143321414324321

2143321443211432

2143341212344321

2143341213244231

2143341242311324

2143341243211234

2143342112344312

2143342143121234

2143423113243412

2143423134121324

2143431212343421

2143431234211234

2143432112343412

2143432114323214

2143432132141432

2143432134121234

2314124334214132

2314124341323421

2314142331424231

2314142332414132

2314142341323241

2314142342313142

2314143232414123

2314143241233241

2314314214234231

2314314242311423

2314324114234132

2314324114324123

2314324141231432

2314324141321423

2314342112434132

2314342141321243

2314412314323241

2314412332411432

2314413212433421

2314413214233241

2314413232411423

2314413234211243

2314423114233142

2314423131421423

2341123434124123

2341123441233412

2341142332144132

2341142341323214

2341143231244213

2341143232144123

2341143241233214

2341143242133124

2341312414324213

2341312442131432

2341321414234132

2341321414324123

2341321441231432

2341321441321423

2341341212344123

2341341241231234

2341412312343412

2341412314323214

2341412332141432

2341412334121234

2341413214233214

2341413232141423

2341421314323124

2341421331241432

2413123431424321

2413123443213142

2413132431424231

2413132432414132

2413132441323241

2413132442313142

2413134231244231

2413134242313124

2413312413424231

2413312442311342

2413314212344321

2413314213244231

2413314242311324

2413314243211234

2413324113244132

2413324141321324

2413413213243241

2413413232411324

2413423113243142

2413423113423124

2413423131241342

2413423131421324

2413432112343142

2413432131421234

2431124331244312

2431124343123124

2431132431424213

2431132442133142

2431134231244213

2431134232144123

2431134241233214

2431134242133124

2431312412434312

2431312413424213

2431312442131342

2431312443121243

2431314213244213

2431314242131324

2431321413424123

2431321441231342

2431412313423214

2431412332141342

2431421313243142

2431421313423124

2431421331241342

2431421331421324

2431431212433124

2431431231241243

3124124324314312

3124124343122431

3124134224134231

3124134224314213

3124134242132431

3124134242312413

3124143223414213

3124143242132341

3124234114324213

3124234142131432

3124241313424231

3124241342311342

3124243112434312

3124243113424213

3124243142131342

3124243143121243

3124421313422431

3124421314322341

3124421323411432

3124421324311342

3124423113422413

3124423124131342

3124431212432431

3124431224311243

3142123424134321

3142123443212413

3142132424134231

3142132424314213

3142132442132431

3142132442312413

3142142323144231

3142142342312314

3142231414234231

3142231442311423

3142241312344321

3142241313244231

3142241342311324

3142241343211234

3142243113244213

3142243142131324

3142421313242431

3142421324311324

3142423113242413

3142423114232314

3142423123141423

3142423124131324

3142432112342413

3142432124131234

3214134224314123

3214134241232431

3214142323414132

3214142341322341

3214143221434321

3214143223414123

3214143241232341

3214143243212143

3214214314324321

3214214343211432

3214234114234132

3214234114324123

3214234141231432

3214234141321423

3214243113424123

3214243141231342

3214412313422431

3214412314322341

3214412323411432

3214412324311342

3214413214232341

3214413223411423

3214432114322143

3214432121431432

3241132424134132

3241132441322413

3241142321344312

3241142323144132

3241142341322314

3241142343122134

3241143223144123

3241143241232314

3241213414234312

3241213443121423

3241231414234132

3241231414324123

3241231441231432

3241231441321423

3241241313244132

3241241341321324

3241412314322314

3241412323141432

3241413213242413

3241413214232314

3241413223141423

3241413224131324

3241431214232134

3241431221341423

3412123421434321

3412123423414123

3412123441232341

3412123443212143

3412124321344321

3412124343212134

3412132421434231

3412132442312143

3412213412434321

3412213443211243

3412214312344321

3412214313244231

3412214342311324

3412214343211234

3412234112344123

3412234141231234

3412412312342341

3412412323411234

3412423113242143

3412423121431324

3412432112342143

3412432112432134

3412432121341243

3412432121431234

3421123421434312

3421123443122143

3421124321344312

3421124323144132

3421124341322314

3421124343122134

3421134221344213

3421134242132134

3421213412434312

3421213413424213

3421213442131342

3421213443121243

3421214312344312

3421214343121234

3421231412434132

3421231441321243

3421413212432314

3421413223141243

3421421313422134

3421421321341342

3421431212342143

3421431212432134

3421431221341243

3421431221431234

4123123423413412

4123123434122341

4123134224313214

4123134232142431

4123143223143241

4123143223413214

4123143232142341

4123143232412314

4123231414323241

4123231432411432

4123234112343412

4123234114323214

4123234132141432

4123234134121234

4123243113423214

4123243132141342

4123321413422431

4123321414322341

4123321423411432

4123321424311342

4123324114322314

4123324123141432

4123341212342341

4123341223411234

4132124323143421

4132124334212314

4132132424133241

4132132432412413

4132142323143241

4132142323413214

4132142332142341

4132142332412314

4132231412433421

4132231414233241

4132231432411423

4132231434211243

4132234114233214

4132234132141423

4132241313243241

4132241332411324

4132321414232341

4132321423411423

4132324113242413

4132324114232314

4132324123141423

4132324124131324

4132342112432314

4132342123141243

4213132424313142

4213132431422431

4213134221343421

4213134224313124

4213134231242431

4213134234212134

4213143223413124

4213143231242341

4213213413423421

4213213434211342

4213234114323124

4213234131241432

4213243113243142

4213243113423124

4213243131241342

4213243131421324

4213312413422431

4213312414322341

4213312423411432

4213312424311342

4213314213242431

4213314224311324

4213342113422134

4213342121341342

4231132421433412

4231132424133142

4231132431422413

4231132434122143

4231134224133124

4231134231242413

4231142323143142

4231142331422314

4231214313243412

4231214334121324

4231231414233142

4231231431421423

4231241313243142

4231241313423124

4231241331241342

4231241331421324

4231312413422413

4231312424131342

4231314213242413

4231314214232314

4231314223141423

4231314224131324

4231341213242143

4231341221431324

4312123421433421

4312123434212143

4312124321343421

4312124324313124

4312124331242431

4312124334212134

4312142321343241

4312142332412134

4312213412433421

4312213414233241

4312213432411423

4312213434211243

4312214312343421

4312214334211234

4312243112433124

4312243131241243

4312312412432431

4312312424311243

4312324114232134

4312324121341423

4312342112342143

4312342112432134

4312342121341243

4312342121431234

4321123421433412

4321123424133142

4321123431422413

4321123434122143

4321124321343412

4321124334122134

4321143221433214

4321143232142143

4321213412433412

4321213434121243

4321214312343412

4321214314323214

4321214332141432

4321214334121234

4321241312343142

4321241331421234

4321314212342413

4321314224131234

4321321414322143

4321321421431432

4321341212342143

4321341212432134

4321341221341243

4321341221431234

